2
1010
1010
金星宇
EE36
*
2001
2002
2003
2004
#
*
2004
100
2002
100
2001
100
2003
100
#

2
1003
1003
郭一隆
EE36
*
2001
2002
2003
2004
#
*
2004
90
2002
90
2001
95
2003
80
#

2
1004
1004
李思涵
EE36
*
2001
2002
2003
2004
#
*
2004
91
2002
90
2001
100
2003
88
#

2
1005
1005
常增禄
EE36
*
2001
2002
2003
2004
#
*
2004
90
2002
90
2001
96
2003
87
#

2
1006
1006
王海旭
EE36
*
2001
2002
2003
2004
#
*
2004
92
2002
90
2001
96
2003
90
#

2
1007
1007
徐安冉
EE36
*
2001
2002
2003
2004
#
*
2004
98
2002
90
2001
98
2003
90
#

2
1008
1008
沈睿哲
EE36
*
2001
2002
2003
2004
#
*
2004
97
2002
90
2001
95
2003
85
#

2
1009
1009
唐铭亮
EE36
*
2001
2002
2003
2004
#
*
2004
94
2002
90
2001
95
2003
85
#

